citiesNb: 10

0	25	504	541	986	329	845	281	751	926	
25	0	803	323	1	626	653	553	855	943	
504	803	0	174	881	835	590	759	235	600	
541	323	174	0	787	554	458	677	508	732	
986	1	881	787	0	283	884	235	175	869	
329	626	835	554	283	0	563	371	149	313	
845	653	590	458	884	563	0	296	303	987	
281	553	759	677	235	371	296	0	649	928	
751	855	235	508	175	149	303	649	0	639	
926	943	600	732	869	313	987	928	639	0	

C0: 
C1: 0 5 5 
C2: 4 3 3 4 0 6 
C3: 8 5 4 
C4: 8 8 9 
C5: 3 2 8 7 9 1 4 7 
C6: 
C7: 8 4 3 1 
C8: 0 5 4 
C9: 6 7 5 1 3 0 1 
