citiesNb: 12

0	911	391	866	625	332	674	77	400	860	171	940	
911	0	907	234	593	183	205	717	561	579	556	606	
391	907	0	257	40	103	390	291	461	424	360	72	
866	234	257	0	705	622	814	922	598	146	596	674	
625	593	40	705	0	897	807	196	188	65	430	132	
332	183	103	622	897	0	600	986	849	160	564	756	
674	205	390	814	807	600	0	765	173	795	220	914	
77	717	291	922	196	986	765	0	85	32	337	796	
400	561	461	598	188	849	173	85	0	103	394	769	
860	579	424	146	65	160	795	32	103	0	269	667	
171	556	360	596	430	564	220	337	394	269	0	367	
940	606	72	674	132	756	914	796	769	667	367	0	

C0: 5 3 1 7 4 
C1: 0 0 3 9 
C2: 3 9 
C3: 7 9 5 6 10 2 2 2 1 
C4: 11 6 0 2 
C5: 9 7 11 2 
C6: 10 7 0 2 11 7 0 11 2 
C7: 2 10 2 11 8 4 1 10 10 
C8: 7 
C9: 
C10: 7 4 1 5 11 4 7 11 7 
C11: 3 9 5 2 
