citiesNb: 100

0	197	925	463	539	495	769	507	407	883	544	328	527	930	73	27	445	815	852	524	322	995	195	562	743	657	234	675	765	341	508	523	537	784	337	428	630	105	934	36	988	829	364	514	110	788	540	555	954	744	78	275	738	624	836	832	280	70	858	397	762	717	271	299	500	608	78	129	712	363	517	699	191	232	564	652	371	456	206	325	199	635	951	288	259	787	119	890	208	328	286	969	44	557	619	543	164	696	23	875	
197	0	58	891	926	248	122	489	252	493	944	457	169	494	92	119	781	702	257	251	591	464	578	229	785	973	785	403	867	300	99	890	526	508	780	451	108	254	292	359	98	587	815	618	81	258	736	213	311	993	464	902	808	393	482	592	366	266	995	232	917	445	473	442	952	605	245	59	858	536	417	307	474	584	924	554	193	659	119	504	3	582	405	163	326	238	754	43	503	100	275	771	896	99	212	200	703	808	258	912	
925	58	0	695	27	218	169	962	141	74	154	152	192	657	154	125	413	316	803	650	422	845	504	873	471	626	769	570	190	968	624	997	577	536	692	955	753	860	916	894	285	422	45	477	430	550	953	843	218	755	844	991	600	700	863	70	325	983	639	514	302	615	511	879	150	554	185	902	413	453	147	697	874	543	525	303	445	478	497	662	232	693	4	831	392	866	253	68	201	243	582	502	857	444	732	6	997	917	260	761	
463	891	695	0	369	758	809	594	301	686	248	745	163	745	758	746	789	761	929	532	978	181	599	178	423	532	32	632	327	763	637	675	679	248	435	399	6	596	992	658	281	240	402	795	336	511	540	124	623	468	655	952	1000	605	482	423	489	513	406	815	275	394	490	306	642	276	704	647	223	48	304	503	639	57	649	974	919	189	449	541	8	455	492	8	411	325	782	899	837	187	714	464	580	203	769	573	830	824	219	53	
539	926	27	369	0	223	874	907	861	282	556	186	200	96	634	92	455	440	936	462	851	260	595	749	97	133	462	560	65	16	680	637	846	855	208	250	78	433	156	290	715	63	476	914	158	461	358	613	901	293	426	751	552	373	499	1000	505	313	911	921	680	590	910	525	797	117	126	874	901	282	515	615	344	990	881	854	451	238	818	351	530	595	453	433	967	303	433	824	615	343	744	647	285	5	171	81	121	649	306	374	
495	248	218	758	223	0	930	820	988	625	810	220	830	612	809	647	962	338	242	766	123	560	68	555	383	35	249	479	681	533	483	203	965	956	851	270	329	132	442	668	109	603	888	938	214	696	937	527	386	178	292	508	89	711	414	472	745	662	950	777	547	432	980	511	739	182	133	67	314	574	735	422	528	974	711	93	21	647	619	406	176	262	265	265	324	30	736	421	44	37	197	590	820	528	100	559	710	584	625	375	
769	122	169	809	874	930	0	509	711	796	36	684	858	480	57	505	98	462	680	711	79	944	387	108	31	807	503	67	3	92	887	531	544	797	592	127	773	966	636	484	113	23	519	970	503	575	826	952	389	506	15	819	801	401	278	832	207	781	250	561	872	488	443	415	284	34	894	409	351	529	244	815	903	114	785	405	41	962	357	429	819	371	599	620	123	876	803	329	8	404	889	880	892	332	646	527	365	539	935	68	
507	489	962	594	907	820	509	0	419	530	882	322	644	18	78	684	980	786	464	798	508	62	769	630	937	571	958	945	975	199	176	218	530	173	96	246	64	383	313	482	912	547	155	555	564	585	238	895	370	701	45	230	114	813	859	403	736	169	699	710	367	874	279	896	398	374	141	461	756	806	295	668	704	801	574	267	385	164	514	107	864	558	336	330	370	546	732	105	714	430	166	80	655	796	975	52	170	468	513	277	
407	252	141	301	861	988	711	419	0	625	159	296	328	959	870	946	696	33	459	802	248	16	489	577	738	34	308	194	748	89	712	827	743	507	154	795	28	621	659	305	597	817	600	924	775	821	869	470	853	680	623	453	695	111	29	784	497	689	978	244	777	41	422	872	547	927	666	575	899	324	231	495	492	182	770	266	3	639	88	207	670	710	659	716	173	40	500	21	80	829	264	856	869	37	727	767	964	744	341	862	
883	493	74	686	282	625	796	530	625	0	419	923	357	910	105	478	176	107	116	615	665	137	676	324	853	848	715	352	868	794	532	483	649	400	872	728	166	835	823	859	48	242	133	756	151	237	234	678	695	701	644	360	838	320	35	690	519	749	393	387	542	924	221	542	675	92	269	192	278	444	402	678	685	535	433	187	123	18	217	818	719	860	529	908	531	563	597	50	311	341	436	852	616	8	393	642	100	14	185	729	
544	944	154	248	556	810	36	882	159	419	0	457	587	406	493	473	191	679	595	208	247	764	278	459	292	185	989	206	133	38	868	825	825	71	440	833	816	433	284	829	618	364	637	556	122	129	380	312	159	326	519	758	90	149	216	733	333	204	291	466	594	158	290	418	229	82	602	44	514	237	224	483	601	860	38	722	340	417	33	850	95	903	607	184	403	822	268	736	378	558	553	971	716	194	740	296	627	694	339	141	
328	457	152	745	186	220	684	322	296	923	457	0	930	562	975	530	421	13	251	112	781	635	961	875	890	568	410	292	741	30	379	470	587	931	792	654	477	884	949	103	577	639	595	506	200	570	36	972	934	638	83	66	625	396	293	866	963	54	157	55	83	536	877	22	818	668	27	294	551	976	749	479	614	343	985	166	264	372	137	549	361	572	615	337	967	259	202	281	312	711	687	395	246	563	768	415	583	794	61	485	
527	169	192	163	200	830	858	644	328	357	587	930	0	121	809	964	87	503	948	252	767	671	740	315	383	311	281	720	277	539	921	909	851	631	596	597	228	158	364	995	740	157	55	225	278	863	540	364	365	487	967	483	509	706	798	891	17	78	962	645	969	235	554	819	865	501	415	445	658	130	439	750	286	493	326	915	707	865	630	423	703	596	906	211	302	703	453	670	132	415	666	100	649	571	270	865	71	36	661	81	
930	494	657	745	96	612	480	18	959	910	406	562	121	0	165	99	830	803	943	507	69	649	371	699	72	73	646	329	635	299	383	87	320	866	853	986	318	853	908	587	70	331	975	730	411	491	181	592	293	475	98	714	124	468	764	547	892	409	227	526	708	609	964	27	474	169	364	791	21	272	378	442	602	704	172	364	194	704	955	839	178	404	552	653	223	315	551	114	723	777	639	782	385	954	809	211	122	172	1	495	
73	92	154	758	634	809	57	78	870	105	493	975	809	165	0	795	730	936	748	433	459	111	627	162	417	817	340	820	720	344	42	34	895	507	108	671	145	890	408	451	50	618	572	573	970	66	368	700	354	115	484	812	578	462	974	994	278	665	166	997	360	559	382	254	66	490	277	562	731	36	12	780	5	936	704	974	353	71	25	706	538	509	518	115	970	843	460	600	859	977	596	218	536	978	824	601	819	100	514	901	
27	119	125	746	92	647	505	684	946	478	473	530	964	99	795	0	487	526	680	491	813	735	816	165	806	841	871	695	349	388	161	318	582	972	917	792	949	865	9	484	194	832	436	12	283	949	912	121	826	943	611	638	677	427	803	834	619	25	880	967	764	40	636	345	364	905	136	312	769	496	795	314	680	582	325	314	882	588	435	708	882	397	697	910	823	499	96	441	875	975	759	638	367	395	982	730	651	469	393	771	
445	781	413	789	455	962	98	980	696	176	191	421	87	830	730	487	0	965	539	84	996	120	760	309	1	347	743	708	580	140	757	489	314	255	584	107	130	911	865	119	277	611	101	358	261	921	750	383	237	288	466	232	759	577	541	759	275	283	819	854	422	575	695	736	181	278	194	662	540	58	781	816	21	233	525	633	153	274	16	742	913	833	973	671	410	513	782	684	148	600	538	569	526	232	656	706	861	201	720	401	
815	702	316	761	440	338	462	786	33	107	679	13	503	803	936	526	965	0	259	500	568	631	84	445	263	588	70	278	329	983	463	302	5	872	166	786	907	313	737	796	234	262	379	241	320	240	442	39	992	700	538	911	330	973	355	944	560	425	574	889	759	36	190	763	259	707	549	165	20	285	961	253	899	339	493	218	930	286	256	273	337	145	184	18	117	538	962	676	314	535	916	72	570	457	835	828	164	735	344	183	
852	257	803	929	936	242	680	464	459	116	595	251	948	943	748	680	539	259	0	371	304	787	269	995	631	486	276	917	741	549	253	237	732	271	353	621	584	381	935	118	296	358	39	753	192	218	916	278	561	450	649	217	588	917	563	218	755	838	486	847	386	739	84	469	361	788	90	296	168	376	765	816	85	803	568	277	372	835	554	284	636	554	852	223	823	414	792	577	252	278	423	989	368	858	458	80	646	899	375	165	
524	251	650	532	462	766	711	798	802	615	208	112	252	507	433	491	84	500	371	0	626	139	980	710	293	899	986	664	733	892	947	720	797	151	942	619	564	734	195	815	363	970	804	730	827	613	809	472	511	183	989	136	321	968	845	965	867	183	628	951	426	926	671	222	76	964	841	640	697	35	806	59	356	961	140	183	573	948	6	83	482	994	218	154	314	415	118	180	597	97	130	22	23	800	243	450	764	435	441	812	
322	591	422	978	851	123	79	508	248	665	247	781	767	69	459	813	996	568	304	626	0	822	247	223	177	559	362	711	132	662	717	566	143	62	136	297	375	550	766	554	498	863	36	519	885	187	113	686	302	900	127	114	721	725	688	897	283	401	608	766	62	676	332	557	737	467	205	464	368	970	369	865	832	404	735	68	591	199	754	244	98	232	357	818	956	396	67	590	797	26	356	210	701	687	766	789	505	322	252	872	
995	464	845	181	260	560	944	62	16	137	764	635	671	649	111	735	120	631	787	139	822	0	644	621	736	475	376	470	895	318	668	1000	562	118	583	270	935	538	666	353	127	814	378	834	23	430	520	141	219	24	814	822	895	457	794	982	284	170	451	178	839	471	529	400	588	111	22	874	1000	687	227	478	852	956	312	226	386	831	718	956	207	532	777	453	988	571	435	623	92	237	152	282	707	680	682	646	142	55	520	141	
195	578	504	599	595	68	387	769	489	676	278	961	740	371	627	816	760	84	269	980	247	644	0	741	98	971	944	53	282	169	790	464	887	745	22	770	522	475	109	444	909	732	887	497	883	168	556	915	201	201	408	255	72	901	347	521	871	290	926	504	811	715	967	49	460	989	818	981	815	278	776	75	9	662	571	244	829	126	510	382	679	917	636	102	817	983	623	39	624	548	542	434	614	509	482	73	849	651	405	663	
562	229	873	178	749	555	108	630	577	324	459	875	315	699	162	165	309	445	995	710	223	621	741	0	929	180	89	289	193	659	884	374	137	393	755	815	310	390	268	478	724	242	517	348	141	58	133	755	918	967	827	118	969	584	132	897	115	220	538	308	879	421	681	367	814	787	533	475	528	800	304	252	42	820	951	534	230	435	288	499	401	467	617	370	50	748	618	516	968	155	823	198	928	855	564	741	641	96	567	169	
743	785	471	423	97	383	31	937	738	853	292	890	383	72	417	806	1	263	631	293	177	736	98	929	0	247	870	772	288	42	722	822	623	508	461	121	909	279	89	630	328	837	599	844	156	106	18	705	33	873	620	125	865	715	43	33	313	912	804	601	305	877	774	927	737	586	400	997	865	488	626	544	676	576	739	831	681	757	887	65	981	506	189	845	572	231	230	885	495	385	837	799	614	962	78	350	547	477	346	763	
657	973	626	532	133	35	807	571	34	848	185	568	311	73	817	841	347	588	486	899	559	475	971	180	247	0	964	323	307	640	898	45	822	931	153	61	995	133	566	536	330	490	118	559	374	964	295	562	115	908	523	192	257	421	20	954	184	335	276	490	326	174	886	500	456	391	560	802	523	477	689	204	966	807	114	691	122	409	604	236	668	126	779	925	547	150	230	82	485	506	923	810	31	808	309	486	198	220	287	73	
234	785	769	32	462	249	503	958	308	715	989	410	281	646	340	871	743	70	276	986	362	376	944	89	870	964	0	697	976	276	14	134	742	57	607	150	660	843	169	138	973	445	36	123	675	117	959	180	39	768	210	198	429	695	396	648	333	820	696	660	447	62	793	188	470	400	689	129	594	858	618	918	302	653	392	976	769	350	507	159	470	716	357	898	762	104	897	95	275	593	754	721	6	899	261	475	650	949	603	595	
675	403	570	632	560	479	67	945	194	352	206	292	720	329	820	695	708	278	917	664	711	470	53	289	772	323	697	0	158	573	864	812	225	256	787	346	605	294	504	74	361	212	323	123	315	220	569	941	164	674	662	169	572	274	643	573	574	597	519	732	169	383	543	394	990	681	739	946	326	594	372	687	806	694	161	472	265	729	413	428	402	426	596	326	699	238	250	272	187	769	3	355	503	897	100	492	578	190	437	255	
765	867	190	327	65	681	3	975	748	868	133	741	277	635	720	349	580	329	741	733	132	895	282	193	288	307	976	158	0	784	808	941	941	502	101	412	766	181	176	546	583	601	141	260	299	731	509	571	269	277	925	623	131	174	723	622	751	912	411	5	47	218	298	987	71	750	751	189	931	926	86	865	527	226	124	177	308	632	747	576	261	24	551	391	197	625	365	299	888	775	655	935	344	952	273	767	54	23	307	984	
341	300	968	763	16	533	92	199	89	794	38	30	539	299	344	388	140	983	549	892	662	318	169	659	42	640	276	573	784	0	949	392	848	475	969	323	651	277	954	750	204	214	125	754	957	321	730	321	971	618	95	625	552	790	929	824	556	982	199	862	317	147	253	516	973	222	838	975	850	791	76	53	357	200	159	313	872	888	985	842	505	79	819	408	220	747	584	776	80	782	637	748	280	242	615	252	463	452	578	312	
508	99	624	637	680	483	887	176	712	532	868	379	921	383	42	161	757	463	253	947	717	668	790	884	722	898	14	864	808	949	0	594	6	716	302	205	226	614	429	114	950	622	970	28	440	730	600	538	313	375	969	446	363	716	725	604	330	328	418	133	257	81	79	262	797	380	819	374	346	247	839	295	220	809	675	12	890	274	549	202	648	870	999	362	937	75	966	619	754	383	751	10	816	829	624	612	561	794	337	906	
523	890	997	675	637	203	531	218	827	483	825	470	909	87	34	318	489	302	237	720	566	1000	464	374	822	45	134	812	941	392	594	0	392	176	200	611	984	874	622	225	499	523	426	146	392	776	860	328	202	825	298	955	559	49	316	374	229	291	337	789	84	674	46	475	849	246	86	184	471	707	408	970	581	185	467	972	312	326	652	513	502	301	467	61	349	134	786	930	425	475	70	508	148	116	983	348	713	68	883	535	
537	526	577	679	846	965	544	530	743	649	825	587	851	320	895	582	314	5	732	797	143	562	887	137	623	822	742	225	941	848	6	392	0	126	642	504	59	826	323	30	489	1000	33	1	502	334	819	914	34	952	51	315	376	525	737	236	24	852	218	371	916	637	605	450	114	246	306	172	423	980	554	911	979	938	911	480	623	729	745	9	33	796	323	760	320	59	995	344	262	564	66	529	552	671	331	666	268	636	189	691	
784	508	536	248	855	956	797	173	507	400	71	931	631	866	507	972	255	872	271	151	62	118	745	393	508	931	57	256	502	475	716	176	126	0	615	94	601	593	32	512	425	6	592	521	14	624	316	689	736	988	99	730	331	713	294	748	241	845	770	571	862	38	558	403	728	524	496	328	469	879	191	893	885	135	765	898	110	81	938	845	68	37	575	750	749	220	849	989	416	619	912	630	656	469	32	735	993	527	414	813	
337	780	692	435	208	851	592	96	154	872	440	792	596	853	108	917	584	166	353	942	136	583	22	755	461	153	607	787	101	969	302	200	642	615	0	758	605	705	642	91	469	891	200	901	829	45	320	865	971	69	965	190	270	305	957	888	216	586	895	37	969	981	381	496	394	193	605	350	249	246	440	69	488	640	970	316	684	641	532	6	710	848	195	331	153	151	570	720	89	464	756	57	796	488	904	189	680	508	539	280	
428	451	955	399	250	270	127	246	795	728	833	654	597	986	671	792	107	786	621	619	297	270	770	815	121	61	150	346	412	323	205	611	504	94	758	0	105	330	349	593	969	670	260	4	310	144	9	371	991	555	701	143	58	270	863	146	85	970	554	880	458	458	421	489	317	311	769	422	640	469	366	961	138	625	316	447	768	677	170	111	231	870	605	640	492	819	137	576	789	691	808	598	500	228	438	816	538	558	589	529	
630	108	753	6	78	329	773	64	28	166	816	477	228	318	145	949	130	907	584	564	375	935	522	310	909	995	660	605	766	651	226	984	59	601	605	105	0	26	954	489	163	931	805	962	50	833	131	160	63	352	117	703	843	935	839	419	75	881	578	24	380	805	462	548	342	19	136	222	45	442	711	559	372	867	872	773	699	354	285	113	706	401	815	548	335	6	318	762	886	895	785	618	51	246	165	744	617	652	966	13	
105	254	860	596	433	132	966	383	621	835	433	884	158	853	890	865	911	313	381	734	550	538	475	390	279	133	843	294	181	277	614	874	826	593	705	330	26	0	93	28	571	816	894	795	589	944	148	225	56	853	625	223	753	311	580	422	72	817	669	209	434	719	454	950	463	422	602	428	434	694	455	357	862	700	151	802	995	298	26	402	503	2	976	607	312	555	28	736	724	696	944	157	767	749	107	229	171	60	8	956	
934	292	916	992	156	442	636	313	659	823	284	949	364	908	408	9	865	737	935	195	766	666	109	268	89	566	169	504	176	954	429	622	323	32	642	349	954	93	0	753	814	312	966	865	814	767	859	464	792	612	966	793	588	924	457	494	951	544	217	999	487	726	117	587	184	697	109	243	704	65	347	869	728	313	733	542	431	943	5	575	554	322	719	141	245	175	987	547	718	555	897	556	280	13	143	815	709	251	409	764	
36	359	894	658	290	668	484	482	305	859	829	103	995	587	451	484	119	796	118	815	554	353	444	478	630	536	138	74	546	750	114	225	30	512	91	593	489	28	753	0	667	756	632	395	420	364	288	202	658	292	776	212	613	495	704	857	669	690	403	739	597	652	294	876	664	788	43	373	39	451	136	57	558	120	803	977	483	90	531	141	381	306	704	345	800	759	201	821	801	956	559	397	607	852	624	622	640	666	346	30	
988	98	285	281	715	109	113	912	597	48	618	577	740	70	50	194	277	234	296	363	498	127	909	724	328	330	973	361	583	204	950	499	489	425	469	969	163	571	814	667	0	469	482	438	26	953	241	355	787	330	885	927	63	190	982	407	990	741	608	162	541	915	720	937	873	571	912	494	562	578	840	943	46	673	381	423	625	621	777	411	950	13	690	12	203	23	419	544	763	378	705	655	644	776	943	516	698	855	361	260	
829	587	422	240	63	603	23	547	817	242	364	639	157	331	618	832	611	262	358	970	863	814	732	242	837	490	445	212	601	214	622	523	1000	6	891	670	931	816	312	756	469	0	784	552	202	181	224	582	603	200	554	732	963	856	744	4	867	298	26	637	193	141	366	249	147	9	24	90	876	722	944	589	333	79	140	886	259	716	820	861	915	373	592	229	228	688	232	447	337	610	435	530	102	801	778	248	161	154	337	37	
364	815	45	402	476	888	519	155	600	133	637	595	55	975	572	436	101	379	39	804	36	378	887	517	599	118	36	323	141	125	970	426	33	592	200	260	805	894	966	632	482	784	0	227	632	625	559	710	116	796	320	831	615	181	98	340	124	326	919	163	910	365	500	871	800	29	972	952	158	219	112	663	908	500	889	891	124	799	953	240	595	272	422	561	804	519	900	928	197	819	442	106	535	941	328	686	321	299	637	831	
514	618	477	795	914	938	970	555	924	756	556	506	225	730	573	12	358	241	753	730	519	834	497	348	844	559	123	123	260	754	28	146	1	521	901	4	962	795	865	395	438	552	227	0	869	749	493	128	600	734	371	76	884	323	667	830	594	88	391	398	607	642	677	803	812	470	260	347	411	939	32	83	589	21	913	457	121	758	937	720	843	307	795	726	629	461	556	574	549	946	323	507	939	351	309	751	821	920	449	583	
110	81	430	336	158	214	503	564	775	151	122	200	278	411	970	283	261	320	192	827	885	23	883	141	156	374	675	315	299	957	440	392	502	14	829	310	50	589	814	420	26	202	632	869	0	858	480	665	446	852	930	254	972	687	542	692	529	848	486	606	828	947	161	754	847	106	76	353	397	427	13	147	599	284	595	181	141	426	845	938	278	126	543	249	164	437	292	44	636	778	650	464	76	810	569	922	268	644	626	664	
788	258	550	511	461	696	575	585	821	237	129	570	863	491	66	949	921	240	218	613	187	430	168	58	106	964	117	220	731	321	730	776	334	624	45	144	833	944	767	364	953	181	625	749	858	0	422	638	810	20	921	756	552	413	181	749	702	810	874	244	59	38	680	350	81	316	479	82	131	554	892	699	827	159	694	452	174	468	441	335	839	361	90	391	125	622	139	826	432	364	422	842	401	453	543	834	120	374	915	250	
540	736	953	540	358	937	826	238	869	234	380	36	540	181	368	912	750	442	916	809	113	520	556	133	18	295	959	569	509	730	600	860	819	316	320	9	131	148	859	288	241	224	559	493	480	422	0	279	806	300	106	316	346	909	841	813	350	175	3	62	616	393	539	590	883	364	21	247	137	214	999	590	756	832	709	129	99	311	760	256	962	865	924	659	125	764	823	826	291	826	240	258	570	778	847	453	141	219	51	630	
555	213	843	124	613	527	952	895	470	678	312	972	364	592	700	121	383	39	278	472	686	141	915	755	705	562	180	941	571	321	538	328	914	689	865	371	160	225	464	202	355	582	710	128	665	638	279	0	432	49	219	540	233	279	20	331	941	779	586	903	995	509	561	120	625	736	945	915	561	184	172	130	961	371	934	454	589	984	435	21	385	653	912	617	283	931	947	224	62	884	478	56	745	390	175	369	125	472	635	37	
954	311	218	623	901	386	389	370	853	695	159	934	365	293	354	826	237	992	561	511	302	219	201	918	33	115	39	164	269	971	313	202	34	736	971	991	63	56	792	658	787	603	116	600	446	810	806	432	0	7	158	167	968	528	452	773	117	436	207	489	820	211	400	788	845	682	86	420	743	969	897	799	713	639	325	433	115	796	419	152	803	577	670	122	456	121	246	572	908	804	412	79	14	163	866	210	845	951	630	587	
744	993	755	468	293	178	506	701	680	701	326	638	487	475	115	943	288	700	450	183	900	24	201	967	873	908	768	674	277	618	375	825	952	988	69	555	352	853	612	292	330	200	796	734	852	20	300	49	7	0	272	878	737	336	516	62	769	983	857	187	486	11	115	155	132	571	627	377	142	887	180	906	965	545	68	183	755	912	485	384	851	756	613	587	92	481	648	212	463	857	398	948	867	865	454	999	435	80	727	928	
78	464	844	655	426	292	15	45	623	644	519	83	967	98	484	611	466	538	649	989	127	814	408	827	620	523	210	662	925	95	969	298	51	99	965	701	117	625	966	776	885	554	320	371	930	921	106	219	158	272	0	966	907	833	283	803	901	465	557	164	949	292	14	57	257	953	148	737	952	711	551	808	460	498	675	324	303	25	758	382	751	686	700	9	870	982	164	770	798	72	286	98	364	651	154	972	603	653	708	555	
275	902	991	952	751	508	819	230	453	360	758	66	483	714	812	638	232	911	217	136	114	822	255	118	125	192	198	169	623	625	446	955	315	730	190	143	703	223	793	212	927	732	831	76	254	756	316	540	167	878	966	0	363	258	714	823	107	740	146	409	764	904	142	867	941	841	227	810	174	390	932	323	462	569	421	177	219	926	148	174	579	207	80	941	464	793	115	922	533	261	330	648	516	471	866	808	664	93	617	189	
738	808	600	1000	552	89	801	114	695	838	90	625	509	124	578	677	759	330	588	321	721	895	72	969	865	257	429	572	131	552	363	559	376	331	270	58	843	753	588	613	63	963	615	884	972	552	346	233	968	737	907	363	0	834	900	512	295	468	284	823	687	209	322	212	139	528	291	432	343	435	546	264	967	158	945	967	673	768	832	480	431	276	449	971	110	348	834	756	168	117	931	206	678	252	417	168	132	707	599	826	
624	393	700	605	373	711	401	813	111	320	149	396	706	468	462	427	577	973	917	968	725	457	901	584	715	421	695	274	174	790	716	49	525	713	305	270	935	311	924	495	190	856	181	323	687	413	909	279	528	336	833	258	834	0	141	497	90	460	654	386	778	679	153	609	510	935	237	958	906	698	658	739	453	825	208	735	382	237	987	798	404	470	504	355	295	996	851	736	807	504	122	584	534	626	545	44	561	781	353	818	
836	482	863	482	499	414	278	859	29	35	216	293	798	764	974	803	541	355	563	845	688	794	347	132	43	20	396	643	723	929	725	316	737	294	957	863	839	580	457	704	982	744	98	667	542	181	841	20	452	516	283	714	900	141	0	478	362	908	282	538	467	17	919	703	355	716	459	824	571	813	470	567	15	206	725	870	679	309	404	304	853	447	216	633	151	385	462	513	293	743	50	759	759	969	462	113	684	272	288	255	
832	592	70	423	1000	472	832	403	784	690	733	866	891	547	994	834	759	944	218	965	897	982	521	897	33	954	648	573	622	824	604	374	236	748	888	146	419	422	494	857	407	4	340	830	692	749	813	331	773	62	803	823	512	497	478	0	436	758	173	450	315	897	319	993	557	74	648	761	872	216	393	23	600	206	535	892	949	584	3	707	552	464	172	588	87	811	194	522	568	718	323	234	966	993	578	523	67	226	283	938	
280	366	325	489	505	745	207	736	497	519	333	963	17	892	278	619	275	560	755	867	283	284	871	115	313	184	333	574	751	556	330	229	24	241	216	85	75	72	951	669	990	867	124	594	529	702	350	941	117	769	901	107	295	90	362	436	0	793	28	960	392	233	846	636	181	430	638	240	333	453	763	272	539	573	465	60	493	182	734	78	148	726	656	22	792	233	656	730	25	683	41	416	268	887	403	800	668	40	39	352	
70	266	983	513	313	662	781	169	689	749	204	54	78	409	665	25	283	425	838	183	401	170	290	220	912	335	820	597	912	982	328	291	852	845	586	970	881	817	544	690	741	298	326	88	848	810	175	779	436	983	465	740	468	460	908	758	793	0	492	153	624	30	78	88	441	570	622	174	999	121	900	654	494	43	886	149	124	910	832	165	678	99	403	80	898	70	120	289	421	963	793	396	345	870	836	785	791	457	311	790	
858	995	639	406	911	950	250	699	978	393	291	157	962	227	166	880	819	574	486	628	608	451	926	538	804	276	696	519	411	199	418	337	218	770	895	554	578	669	217	403	608	26	919	391	486	874	3	586	207	857	557	146	284	654	282	173	28	492	0	929	562	795	422	604	681	570	728	942	753	244	971	203	998	51	453	67	522	741	839	836	885	235	180	107	422	965	897	230	627	38	158	188	833	931	143	865	500	222	806	253	
397	232	514	815	921	777	561	710	244	387	466	55	645	526	997	967	854	889	847	951	766	178	504	308	601	490	660	732	5	862	133	789	371	571	37	880	24	209	999	739	162	637	163	398	606	244	62	903	489	187	164	409	823	386	538	450	960	153	929	0	465	777	807	814	179	259	880	52	351	71	887	236	657	67	342	78	383	590	307	9	628	816	548	812	746	690	676	597	264	833	201	80	609	8	894	139	266	125	190	617	
762	917	302	275	680	547	872	367	777	542	594	83	969	708	360	764	422	759	386	426	62	839	811	879	305	326	447	169	47	317	257	84	916	862	969	458	380	434	487	597	541	193	910	607	828	59	616	995	820	486	949	764	687	778	467	315	392	624	562	465	0	195	77	852	203	495	545	280	877	134	938	237	113	105	784	276	850	825	951	447	88	136	647	168	96	654	61	235	272	185	776	888	732	204	91	934	698	635	566	574	
717	445	615	394	590	432	488	874	41	924	158	536	235	609	559	40	575	36	739	926	676	471	715	421	877	174	62	383	218	147	81	674	637	38	981	458	805	719	726	652	915	141	365	642	947	38	393	509	211	11	292	904	209	679	17	897	233	30	795	777	195	0	120	855	162	585	960	945	860	809	770	163	607	209	298	606	376	393	611	788	979	882	973	755	769	56	958	211	989	8	197	906	933	317	761	95	253	720	39	112	
271	473	511	490	910	980	443	279	422	221	290	877	554	964	382	636	695	190	84	671	332	529	967	681	774	886	793	543	298	253	79	46	605	558	381	421	462	454	117	294	720	366	500	677	161	680	539	561	400	115	14	142	322	153	919	319	846	78	422	807	77	120	0	880	160	626	487	369	275	92	744	20	702	884	998	936	208	104	56	263	414	267	603	421	463	509	353	131	621	447	735	692	838	199	923	997	824	409	365	99	
299	442	879	306	525	511	415	896	872	542	418	22	819	27	254	345	736	763	469	222	557	400	49	367	927	500	188	394	987	516	262	475	450	403	496	489	548	950	587	876	937	249	871	803	754	350	590	120	788	155	57	867	212	609	703	993	636	88	604	814	852	855	880	0	852	461	470	906	344	467	193	551	923	248	165	336	514	767	756	329	627	108	811	599	907	546	290	744	744	213	740	919	973	457	369	177	269	838	434	612	
500	952	150	642	797	739	284	398	547	675	229	818	865	474	66	364	181	259	361	76	737	588	460	814	737	456	470	990	71	973	797	849	114	728	394	317	342	463	184	664	873	147	800	812	847	81	883	625	845	132	257	941	139	510	355	557	181	441	681	179	203	162	160	852	0	657	626	514	579	873	678	914	739	796	669	419	775	128	229	373	386	126	663	129	221	227	221	492	199	29	860	727	297	50	160	908	706	785	773	284	
608	605	554	276	117	182	34	374	927	92	82	668	501	169	490	905	278	707	788	964	467	111	989	787	586	391	400	681	750	222	380	246	246	524	193	311	19	422	697	788	571	9	29	470	106	316	364	736	682	571	953	841	528	935	716	74	430	570	570	259	495	585	626	461	657	0	10	802	549	748	597	569	166	371	48	746	744	434	224	758	914	796	336	486	287	886	514	499	613	810	900	772	69	605	909	193	240	918	994	140	
78	245	185	704	126	133	894	141	666	269	602	27	415	364	277	136	194	549	90	841	205	22	818	533	400	560	689	739	751	838	819	86	306	496	605	769	136	602	109	43	912	24	972	260	76	479	21	945	86	627	148	227	291	237	459	648	638	622	728	880	545	960	487	470	626	10	0	17	591	708	534	313	755	279	408	540	854	517	806	650	852	291	288	738	805	138	350	966	37	473	387	993	733	579	584	650	573	723	666	515	
129	59	902	647	874	67	409	461	575	192	44	294	445	791	562	312	662	165	296	640	464	874	981	475	997	802	129	946	189	975	374	184	172	328	350	422	222	428	243	373	494	90	952	347	353	82	247	915	420	377	737	810	432	958	824	761	240	174	942	52	280	945	369	906	514	802	17	0	782	199	179	537	830	939	428	35	455	233	36	307	524	324	396	680	813	745	997	850	569	383	194	302	962	778	303	886	852	321	752	634	
712	858	413	223	901	314	351	756	899	278	514	551	658	21	731	769	540	20	168	697	368	1000	815	528	865	523	594	326	931	850	346	471	423	469	249	640	45	434	704	39	562	876	158	411	397	131	137	561	743	142	952	174	343	906	571	872	333	999	753	351	877	860	275	344	579	549	591	782	0	871	282	522	52	220	949	87	675	534	122	333	57	797	728	88	610	824	84	811	744	819	4	45	132	133	700	17	985	20	120	618	
363	536	453	48	282	574	529	806	324	444	237	976	130	272	36	496	58	285	376	35	970	687	278	800	488	477	858	594	926	791	247	707	980	879	246	469	442	694	65	451	578	722	219	939	427	554	214	184	969	887	711	390	435	698	813	216	453	121	244	71	134	809	92	467	873	748	708	199	871	0	890	401	139	942	973	439	28	647	972	501	331	380	298	58	819	907	233	903	717	976	73	72	373	204	557	72	572	541	91	691	
517	417	147	304	515	735	244	295	231	402	224	749	439	378	12	795	781	961	765	806	369	227	776	304	626	689	618	372	86	76	839	408	554	191	440	366	711	455	347	136	840	944	112	32	13	892	999	172	897	180	551	932	546	658	470	393	763	900	971	887	938	770	744	193	678	597	534	179	282	890	0	510	332	443	1000	625	415	438	4	413	762	505	743	141	802	152	960	60	736	214	128	712	286	199	84	489	107	507	412	647	
699	307	697	503	615	422	815	668	495	678	483	479	750	442	780	314	816	253	816	59	865	478	75	252	544	204	918	687	865	53	295	970	911	893	69	961	559	357	869	57	943	589	663	83	147	699	590	130	799	906	808	323	264	739	567	23	272	654	203	236	237	163	20	551	914	569	313	537	522	401	510	0	949	102	508	280	896	507	257	311	945	260	75	58	116	170	198	269	673	509	328	409	74	807	120	711	358	555	551	464	
191	474	874	639	344	528	903	704	492	685	601	614	286	602	5	680	21	899	85	356	832	852	9	42	676	966	302	806	527	357	220	581	979	885	488	138	372	862	728	558	46	333	908	589	599	827	756	961	713	965	460	462	967	453	15	600	539	494	998	657	113	607	702	923	739	166	755	830	52	139	332	949	0	61	962	111	9	415	970	640	311	477	248	973	773	860	399	830	975	568	379	244	241	240	923	649	313	730	120	376	
232	584	543	57	990	974	114	801	182	535	860	343	493	704	936	582	233	339	803	961	404	956	662	820	576	807	653	694	226	200	809	185	938	135	640	625	867	700	313	120	673	79	500	21	284	159	832	371	639	545	498	569	158	825	206	206	573	43	51	67	105	209	884	248	796	371	279	939	220	942	443	102	61	0	87	674	278	902	86	240	12	446	6	334	437	316	810	685	640	582	544	39	411	870	606	789	465	198	380	740	
564	924	525	649	881	711	785	574	770	433	38	985	326	172	704	325	525	493	568	140	735	312	571	951	739	114	392	161	124	159	675	467	911	765	970	316	872	151	733	803	381	140	889	913	595	694	709	934	325	68	675	421	945	208	725	535	465	886	453	342	784	298	998	165	669	48	408	428	949	973	1000	508	962	87	0	846	693	469	317	420	907	342	697	808	427	288	172	224	294	505	13	609	666	697	601	247	592	639	9	813	
652	554	303	974	854	93	405	267	266	187	722	166	915	364	974	314	633	218	277	183	68	226	244	534	831	691	976	472	177	313	12	972	480	898	316	447	773	802	542	977	423	886	891	457	181	452	129	454	433	183	324	177	967	735	870	892	60	149	67	78	276	606	936	336	419	746	540	35	87	439	625	280	111	674	846	0	596	149	278	794	529	17	991	573	837	308	992	95	649	688	254	428	328	425	3	621	281	15	581	946	
371	193	445	919	451	21	41	385	3	123	340	264	707	194	353	882	153	930	372	573	591	386	829	230	681	122	769	265	308	872	890	312	623	110	684	768	699	995	431	483	625	259	124	121	141	174	99	589	115	755	303	219	673	382	679	949	493	124	522	383	850	376	208	514	775	744	854	455	675	28	415	896	9	278	693	596	0	63	181	544	6	171	552	819	767	53	448	560	581	816	902	505	4	209	496	98	210	535	351	989	
456	659	478	189	238	647	962	164	639	18	417	372	865	704	71	588	274	286	835	948	199	831	126	435	757	409	350	729	632	888	274	326	729	81	641	677	354	298	943	90	621	716	799	758	426	468	311	984	796	912	25	926	768	237	309	584	182	910	741	590	825	393	104	767	128	434	517	233	534	647	438	507	415	902	469	149	63	0	862	128	991	482	760	6	63	58	420	595	601	426	766	505	596	532	557	43	443	489	858	344	
206	119	497	449	818	619	357	514	88	217	33	137	630	955	25	435	16	256	554	6	754	718	510	288	887	604	507	413	747	985	549	652	745	938	532	170	285	26	5	531	777	820	953	937	845	441	760	435	419	485	758	148	832	987	404	3	734	832	839	307	951	611	56	756	229	224	806	36	122	972	4	257	970	86	317	278	181	862	0	993	861	905	840	310	466	374	12	454	588	491	796	69	603	153	483	660	573	430	612	998	
325	504	662	541	351	406	429	107	207	818	850	549	423	839	706	708	742	273	284	83	244	956	382	499	65	236	159	428	576	842	202	513	9	845	6	111	113	402	575	141	411	861	240	720	938	335	256	21	152	384	382	174	480	798	304	707	78	165	836	9	447	788	263	329	373	758	650	307	333	501	413	311	640	240	420	794	544	128	993	0	195	116	945	78	24	987	872	864	196	215	856	408	471	695	69	936	421	80	741	8	
199	3	232	8	530	176	819	864	670	719	95	361	703	178	538	882	913	337	636	482	98	207	679	401	981	668	470	402	261	505	648	502	33	68	710	231	706	503	554	381	950	915	595	843	278	839	962	385	803	851	751	579	431	404	853	552	148	678	885	628	88	979	414	627	386	914	852	524	57	331	762	945	311	12	907	529	6	991	861	195	0	923	537	428	525	689	263	184	613	692	795	962	238	263	906	667	638	892	538	502	
635	582	693	455	595	262	371	558	710	860	903	572	596	404	509	397	833	145	554	994	232	532	917	467	506	126	716	426	24	79	870	301	796	37	848	870	401	2	322	306	13	373	272	307	126	361	865	653	577	756	686	207	276	470	447	464	726	99	235	816	136	882	267	108	126	796	291	324	797	380	505	260	477	446	342	17	171	482	905	116	923	0	439	104	709	846	575	756	914	862	176	346	603	535	268	491	314	144	179	576	
951	405	4	492	453	265	599	336	659	529	607	615	906	552	518	697	973	184	852	218	357	777	636	617	189	779	357	596	551	819	999	467	323	575	195	605	815	976	719	704	690	592	422	795	543	90	924	912	670	613	700	80	449	504	216	172	656	403	180	548	647	973	603	811	663	336	288	396	728	298	743	75	248	6	697	991	552	760	840	945	537	439	0	327	144	619	473	105	208	87	11	874	725	254	763	578	693	867	286	890	
288	163	831	8	433	265	620	330	716	908	184	337	211	653	115	910	671	18	223	154	818	453	102	370	845	925	898	326	391	408	362	61	760	750	331	640	548	607	141	345	12	229	561	726	249	391	659	617	122	587	9	941	971	355	633	588	22	80	107	812	168	755	421	599	129	486	738	680	88	58	141	58	973	334	808	573	819	6	310	78	428	104	327	0	793	41	156	654	216	501	608	102	120	98	416	263	629	343	941	772	
259	326	392	411	967	324	123	370	173	531	403	967	302	223	970	823	410	117	823	314	956	988	817	50	572	547	762	699	197	220	937	349	320	749	153	492	335	312	245	800	203	228	804	629	164	125	125	283	456	92	870	464	110	295	151	87	792	898	422	746	96	769	463	907	221	287	805	813	610	819	802	116	773	437	427	837	767	63	466	24	525	709	144	793	0	962	765	876	521	852	238	747	928	492	509	505	184	375	790	73	
787	238	866	325	303	30	876	546	40	563	822	259	703	315	843	499	513	538	414	415	396	571	983	748	231	150	104	238	625	747	75	134	59	220	151	819	6	555	175	759	23	688	519	461	437	622	764	931	121	481	982	793	348	996	385	811	233	70	965	690	654	56	509	546	227	886	138	745	824	907	152	170	860	316	288	308	53	58	374	987	689	846	619	41	962	0	167	831	580	821	398	80	780	852	551	878	267	165	858	961	
119	754	253	782	433	736	803	732	500	597	268	202	453	551	460	96	782	962	792	118	67	435	623	618	230	230	897	250	365	584	966	786	995	849	570	137	318	28	987	201	419	232	900	556	292	139	823	947	246	648	164	115	834	851	462	194	656	120	897	676	61	958	353	290	221	514	350	997	84	233	960	198	399	810	172	992	448	420	12	872	263	575	473	156	765	167	0	457	981	274	222	208	795	425	446	541	352	937	49	208	
890	43	68	899	824	421	329	105	21	50	736	281	670	114	600	441	684	676	577	180	590	623	39	516	885	82	95	272	299	776	619	930	344	989	720	576	762	736	547	821	544	447	928	574	44	826	826	224	572	212	770	922	756	736	513	522	730	289	230	597	235	211	131	744	492	499	966	850	811	903	60	269	830	685	224	95	560	595	454	864	184	756	105	654	876	831	457	0	472	776	997	896	942	179	476	114	929	907	246	132	
208	503	201	837	615	44	8	714	80	311	378	312	132	723	859	875	148	314	252	597	797	92	624	968	495	485	275	187	888	80	754	425	262	416	89	789	886	724	718	801	763	337	197	549	636	432	291	62	908	463	798	533	168	807	293	568	25	421	627	264	272	989	621	744	199	613	37	569	744	717	736	673	975	640	294	649	581	601	588	196	613	914	208	216	521	580	981	472	0	458	475	750	974	332	710	431	312	984	4	519	
328	100	243	187	343	37	404	430	829	341	558	711	415	777	977	975	600	535	278	97	26	237	548	155	385	506	593	769	775	782	383	475	564	619	464	691	895	696	555	956	378	610	819	946	778	364	826	884	804	857	72	261	117	504	743	718	683	963	38	833	185	8	447	213	29	810	473	383	819	976	214	509	568	582	505	688	816	426	491	215	692	862	87	501	852	821	274	776	458	0	130	428	316	670	131	252	70	338	723	197	
286	275	582	714	744	197	889	166	264	436	553	687	666	639	596	759	538	916	423	130	356	152	542	823	837	923	754	3	655	637	751	70	66	912	756	808	785	944	897	559	705	435	442	323	650	422	240	478	412	398	286	330	931	122	50	323	41	793	158	201	776	197	735	740	860	900	387	194	4	73	128	328	379	544	13	254	902	766	796	856	795	176	11	608	238	398	222	997	475	130	0	686	619	139	217	446	604	145	352	849	
969	771	502	464	647	590	880	80	856	852	971	395	100	782	218	638	569	72	989	22	210	282	434	198	799	810	721	355	935	748	10	508	529	630	57	598	618	157	556	397	655	530	106	507	464	842	258	56	79	948	98	648	206	584	759	234	416	396	188	80	888	906	692	919	727	772	993	302	45	72	712	409	244	39	609	428	505	505	69	408	962	346	874	102	747	80	208	896	750	428	686	0	276	809	675	25	783	6	86	565	
44	896	857	580	285	820	892	655	869	616	716	246	649	385	536	367	526	570	368	23	701	707	614	928	614	31	6	503	344	280	816	148	552	656	796	500	51	767	280	607	644	102	535	939	76	401	570	745	14	867	364	516	678	534	759	966	268	345	833	609	732	933	838	973	297	69	733	962	132	373	286	74	241	411	666	328	4	596	603	471	238	603	725	120	928	780	795	942	974	316	619	276	0	669	69	568	540	198	995	855	
557	99	444	203	5	528	332	796	37	8	194	563	571	954	978	395	232	457	858	800	687	680	509	855	962	808	899	897	952	242	829	116	671	469	488	228	246	749	13	852	776	801	941	351	810	453	778	390	163	865	651	471	252	626	969	993	887	870	931	8	204	317	199	457	50	605	579	778	133	204	199	807	240	870	697	425	209	532	153	695	263	535	254	98	492	852	425	179	332	670	139	809	669	0	219	477	459	641	814	533	
619	212	732	769	171	100	646	975	727	393	740	768	270	809	824	982	656	835	458	243	766	682	482	564	78	309	261	100	273	615	624	983	331	32	904	438	165	107	143	624	943	778	328	309	569	543	847	175	866	454	154	866	417	545	462	578	403	836	143	894	91	761	923	369	160	909	584	303	700	557	84	120	923	606	601	3	496	557	483	69	906	268	763	416	509	551	446	476	710	131	217	675	69	219	0	837	851	503	327	67	
543	200	6	573	81	559	527	52	767	642	296	415	865	211	601	730	706	828	80	450	789	646	73	741	350	486	475	492	767	252	612	348	666	735	189	816	744	229	815	622	516	248	686	751	922	834	453	369	210	999	972	808	168	44	113	523	800	785	865	139	934	95	997	177	908	193	650	886	17	72	489	711	649	789	247	621	98	43	660	936	667	491	578	263	505	878	541	114	431	252	446	25	568	477	837	0	948	931	563	300	
164	703	997	830	121	710	365	170	964	100	627	583	71	122	819	651	861	164	646	764	505	142	849	641	547	198	650	578	54	463	561	713	268	993	680	538	617	171	709	640	698	161	321	821	268	120	141	125	845	435	603	664	132	561	684	67	668	791	500	266	698	253	824	269	706	240	573	852	985	572	107	358	313	465	592	281	210	443	573	421	638	314	693	629	184	267	352	929	312	70	604	783	540	459	851	948	0	131	190	108	
696	808	917	824	649	584	539	468	744	14	694	794	36	172	100	469	201	735	899	435	322	55	651	96	477	220	949	190	23	452	794	68	636	527	508	558	652	60	251	666	855	154	299	920	644	374	219	472	951	80	653	93	707	781	272	226	40	457	222	125	635	720	409	838	785	918	723	321	20	541	507	555	730	198	639	15	535	489	430	80	892	144	867	343	375	165	937	907	984	338	145	6	198	641	503	931	131	0	806	566	
23	258	260	219	306	625	935	513	341	185	339	61	661	1	514	393	720	344	375	441	252	520	405	567	346	287	603	437	307	578	337	883	189	414	539	589	966	8	409	346	361	337	637	449	626	915	51	635	630	727	708	617	599	353	288	283	39	311	806	190	566	39	365	434	773	994	666	752	120	91	412	551	120	380	9	581	351	858	612	741	538	179	286	941	790	858	49	246	4	723	352	86	995	814	327	563	190	806	0	242	
875	912	761	53	374	375	68	277	862	729	141	485	81	495	901	771	401	183	165	812	872	141	663	169	763	73	595	255	984	312	906	535	691	813	280	529	13	956	764	30	260	37	831	583	664	250	630	37	587	928	555	189	826	818	255	938	352	790	253	617	574	112	99	612	284	140	515	634	618	691	647	464	376	740	813	946	989	344	998	8	502	576	890	772	73	961	208	132	519	197	849	565	855	533	67	300	108	566	242	0	

C0: 51 57 
C1: 19 24 22 
C2: 70 28 87 46 38 27 11 71 64 
C3: 73 90 
C4: 21 72 91 20 55 80 79 12 
C5: 73 74 97 30 57 68 
C6: 31 37 77 12 77 76 50 
C7: 87 21 72 49 47 63 
C8: 
C9: 87 21 40 42 53 19 6 99 
C10: 81 48 75 90 
C11: 34 74 6 38 35 87 88 
C12: 27 62 
C13: 76 9 79 6 
C14: 67 79 17 61 33 88 20 
C15: 33 53 85 60 
C16: 2 94 69 
C17: 
C18: 7 48 97 48 40 24 10 
C19: 52 71 36 59 0 55 
C20: 
C21: 68 75 57 88 60 42 41 
C22: 54 37 99 48 58 
C23: 58 
C24: 59 55 66 51 79 28 8 31 
C25: 44 42 51 51 85 20 19 60 77 
C26: 
C27: 72 1 
C28: 26 90 68 27 49 32 85 67 43 
C29: 85 95 
C30: 65 
C31: 54 16 99 
C32: 67 50 34 87 21 94 16 81 19 
C33: 83 88 15 25 9 42 74 41 
C34: 93 84 71 30 79 94 95 48 11 
C35: 97 30 31 
C36: 57 78 34 38 97 74 73 
C37: 89 99 46 83 25 
C38: 62 71 24 85 1 3 79 
C39: 90 28 60 23 77 43 59 
C40: 12 
C41: 91 46 6 88 21 32 25 62 
C42: 72 
C43: 8 11 60 79 35 98 81 91 
C44: 30 81 57 42 56 35 85 
C45: 96 98 35 39 96 94 79 
C46: 26 4 84 9 28 82 17 92 94 
C47: 27 92 30 70 70 60 51 
C48: 54 60 14 92 79 62 90 
C49: 1 38 61 80 60 
C50: 37 44 96 17 78 65 9 
C51: 62 89 
C52: 44 59 87 4 63 
C53: 11 23 81 3 
C54: 43 45 21 45 
